244.8 359.0
195.84001 293.0
156.67201 308.0
125.33761 307.0
100.27009 378.0
80.21607 295.0
64.17286 242.0
51.338287 294.0
41.07063 354.0
32.856503 310.0
26.285202 321.0
21.028162 296.0
16.82253 247.0
13.458025 329.0
10.76642 259.0
8.613136 224.0
6.890509 193.0
5.5124073 200.0
4.409926 209.0
3.5279408 202.0
2.8223526 203.0
2.257882 203.0
1.8063058 198.0
1.4450446 198.0
1.1560358 198.0
0.92482865 198.0
0.7398629 198.0
0.59189034 198.0
0.47351226 198.0
0.3788098 198.0
0.30304787 198.0
0.2424383 198.0
0.19395064 198.0
0.15516052 198.0
0.124128416 198.0
0.09930273 198.0
0.07944219 198.0
0.06355375 198.0
0.050843 198.0
0.0406744 198.0
0.03253952 198.0
0.026031617 198.0
0.020825295 198.0
0.016660236 198.0
0.013328189 198.0
0.010662551 198.0
0.008530041 198.0
0.006824033 198.0
0.005459226 198.0
0.004367381 198.0
0.0034939048 198.0
0.002795124 198.0
0.0022360992 198.0
0.0017888794 198.0
0.0014311036 198.0
0.0011448829 198.0
9.1590633E-4 198.0
7.327251E-4 198.0
5.861801E-4 198.0
4.6894405E-4 198.0
3.7515524E-4 198.0
3.001242E-4 198.0
2.4009937E-4 198.0
1.920795E-4 198.0
1.5366361E-4 198.0
1.229309E-4 198.0
9.834472E-5 198.0
7.8675774E-5 198.0
6.294062E-5 198.0
5.0352497E-5 198.0
4.0281997E-5 198.0
3.22256E-5 198.0
2.5780479E-5 198.0
2.0624384E-5 198.0
1.6499507E-5 198.0
1.3199606E-5 198.0
1.0559685E-5 198.0
8.447748E-6 198.0
6.758198E-6 198.0
5.4065586E-6 198.0
4.325247E-6 198.0
3.4601978E-6 198.0
2.7681583E-6 198.0
2.2145266E-6 198.0
1.7716213E-6 198.0
1.4172971E-6 198.0
1.1338377E-6 198.0
